//numArrays, numBulletsInArray, SpreadBetweenArrays, spreadWithinArray, startAngle, defaultAngle, endAngle, beginSpinSpeed, spinRate, spinMod,
//invertSpin, maxSpin, fireRate, objW, objH, xOff, yOff, MS, ACC, Curve, Lifetime, CommandLength, tag, shootAtPlayer, ShootOnce

//fat spin, holes filled
4,1,90,0,90,0,360,0,10.5,0,0,10,0.1,0,0,0,0,7,5,0,10,5,Green,0,0

//radial explosions
30,1,12,0,0,0,360,0,0,0,1,10,.3,0,0,0,0,5,5,0,5,.4,Green,0,0
30,1,12,0,0,0,360,0,0,0,1,10,1,0,0,0,0,5,5,0,5,7,Green,0,0

//lines and circles from sky
30,1,12,0,0,0,360,0,0,0,1,10,.02,0,0,0,0,5,0,0,5,.03,Green,0,1
1,1,90,0,90,0,360,0,0,0,1,10,0.01,0,0,0,0,10,0,0,10,.5,Green,0,0
30,1,12,0,0,0,360,0,0,0,1,10,.02,0,0,0,0,5,0,0,5,.03,Green,0,1
1,1,90,0,90,0,360,0,0,0,1,10,0.01,0,0,0,0,10,0,0,10,.5,Green,0,0
30,1,12,0,0,0,360,0,0,0,1,10,.02,0,0,0,0,5,0,0,5,.03,Green,0,1
1,1,90,0,90,0,360,0,0,0,1,10,0.01,0,0,0,0,10,0,0,10,.5,Green,0,0
30,1,12,0,0,0,360,0,0,0,1,10,.02,0,0,0,0,5,0,0,5,.03,Green,0,1
1,1,90,0,90,0,360,0,0,0,1,10,0.01,0,0,0,0,10,0,0,10,.5,Green,0,0
30,1,12,0,0,0,360,0,0,0,1,10,.02,0,0,0,0,5,0,0,5,.03,Green,0,1
1,1,90,0,90,0,360,0,0,0,1,10,0.01,0,0,0,0,10,0,0,10,.5,Green,0,0
30,1,12,0,0,0,360,0,0,0,1,10,.02,0,0,0,0,5,0,0,5,.03,Green,0,1
1,1,90,0,90,0,360,0,0,0,1,10,0.01,0,0,0,0,10,0,0,10,.5,Green,0,0
30,1,12,0,0,0,360,0,0,0,1,10,.02,0,0,0,0,5,0,0,5,.03,Green,0,1
1,1,90,0,90,0,360,0,0,0,1,10,0.01,0,0,0,0,10,0,0,10,.5,Green,0,0
30,1,12,0,0,0,360,0,0,0,1,10,.02,0,0,0,0,5,0,0,5,.03,Green,0,1
1,1,90,0,90,0,360,0,0,0,1,10,0.01,0,0,0,0,10,0,0,10,.5,Green,0,0
30,1,12,0,0,0,360,0,0,0,1,10,.02,0,0,0,0,5,0,0,5,.03,Green,0,1
1,1,90,0,90,0,360,0,0,0,1,10,0.01,0,0,0,0,10,0,0,10,.5,Green,0,0

//random
4,1,90,0,90,0,360,0,4,10,1,100,0.08,0,0,0,0,7,0,0,10,5,Green,0,0

//create circle 7.8radius 10 seconds
20,1,18,0,0,0,360,0,3,0,1,10,0.01,7.8,7.8,0,0,0,0,1,10,.2,Green,0,0

Boss Movement

//fat spin, holes filled
0,0,0,0,5,0

//radial explosions
8,6,0,0,1,1
-8,6,0,0,1,1
-8,-6,0,0,1,1
8,-6,0,0,1,1
0,0,0,0,3.4,1

//lines and circles from sky
8,6.5,0,0,0.53,0
6,6.5,0,0,0.53,0
4,6.5,0,0,0.53,0
2,6.5,0,0,0.53,0
0,6.5,0,0,0.53,0
-2,6.5,0,0,0.53,0
-4,6.5,0,0,0.53,0
-6,6.5,0,0,0.53,0
-8,6.5,0,0,0.53,0

//random
0,0,0,0,5,0

